-15 37 -23 15
00000000000000000000000000000000000000000000000000000
00000000000000000000000000000000000000000000000000000
00000000000000000000000000000000000000000000000000000
00000000000000000000000000000000000000000000000000000
00000000000000000000000000000000000000000000000000000
00000000000000000000000000000000000000000000000000000
00000000000000000000000000000000000000000000000000000
00000000000000000000000000000000000000000000000000000
00000000000000000000000000000000000000000000000000000
00000000000000000000000000000000000000000000000000000
00000000000000000000000000000000000000000000000000000
00000000000000000000000000000000000000000000000000000
00001111111111111111111110000000000000000000000000000
00001000000000000000000010000000000000000000000000000
00001000000000000000000010000000000000000000000000000
00001000000000000000000010000000000000000000000000000
00001000000000000000000010000000000000000000000000000
00001000000000000000000010000000000000000000000000000
00001000000000000000000010000000000000000000000000000
00001000000000000000000010000000000000000000000000000
00001000000000000000000010000000000000000000000000000
00001000000000000000000010000000000000000000000000000
00001000000000000000000010000000000000000000000000000
00001000000000000000000010000000000000000000000000000
00001000000000000000000010000000000000000000000000000
00001000000000000000000010000000000000000000000000000
00001000000000000000000010000000000000000000000000000
00001000000000000000000010000000000000000000000000000
00001000000000000000000010000000000000000000000000000
00001000000000000000000010000000000000000000000000000
00001000000000000000000010000000000000000000000000000
00001111111111111111111110000000000000000000000000000
00000000000000000000000000000000000000000000000000000
00000000000000000000000000000000000000000000000000000
00000000000000000000000000000000000000000000000000000
00000000000000000000000000000000000000000000000000000
00000000000000000000000000000000000000000000000000000
00000000000000000000000000000000000000000000000000000
00000000000000000000000000000000000000000000000000000
